-0.06325 0.0359793 0.0420873 
-0.06275 0.0360343 0.0425949 
-0.0645 0.0365101 0.0404362 
-0.064 0.0366195 0.0414512 
-0.0635 0.0367289 0.0424662 
-0.063 0.0367836 0.0429737 
-0.0625 0.0368247 0.0433543 
-0.062 0.0368657 0.0437349 
-0.0615 0.0369067 0.0441155 
-0.061 0.0369614 0.044623 
-0.0605 0.0370162 0.0451305 
-0.06 0.0370572 0.0455111 
-0.0595 0.0370845 0.0457648 
-0.059 0.0371256 0.0461455 
-0.0585 0.0371529 0.0463992 
-0.058 0.0371666 0.0465261 
-0.0575 0.0371666 0.0465261 
-0.057 0.0371666 0.0465261 
-0.0565 0.0371803 0.046653 
-0.056 0.0371803 0.046653 
-0.0555 0.0371803 0.046653 
-0.055 0.037194 0.0467798 
-0.0545 0.0371666 0.0465261 
-0.054 0.037194 0.0467798 
-0.0535 0.0371803 0.046653 
-0.053 0.037194 0.0467798 
-0.0525 0.0371803 0.046653 
-0.052 0.0371803 0.046653 
-0.0515 0.0371529 0.0463992 
-0.051 0.0371529 0.0463992 
-0.0505 0.0371392 0.0462723 
-0.05 0.0371392 0.0462723 
-0.0495 0.0370435 0.0453842 
-0.049 0.0370572 0.0455111 
-0.0485 0.0370572 0.0455111 
-0.048 0.0370435 0.0453842 
-0.0475 0.0370435 0.0453842 
-0.047 0.0370298 0.0452574 
-0.0465 0.0370162 0.0451305 
-0.046 0.0370162 0.0451305 
-0.0455 0.0369478 0.0444961 
-0.045 0.0369478 0.0444961 
-0.0445 0.0369478 0.0444961 
-0.044 0.0369204 0.0442424 
-0.0435 0.0369067 0.0441155 
-0.043 0.0368794 0.0438618 
-0.0425 0.036852 0.043608 
-0.042 0.0368247 0.0433543 
-0.0415 0.036811 0.0432274 
-0.041 0.03677 0.0428468 
-0.0405 0.0367426 0.042593 
-0.04 0.0367426 0.042593 
-0.0395 0.0367426 0.042593 
-0.039 0.0367563 0.0427199 
-0.0365 0.0370435 0.0453842 
-0.0325 0.03758 0.0503363 
-0.032 0.0376323 0.0508165 
-0.0315 0.0376585 0.0510566 
-0.031 0.0376585 0.0510566 
-0.028 0.0378679 0.0529774 
-0.0275 0.037894 0.0532175 
-0.027 0.0379202 0.0534576 
-0.0265 0.0379333 0.0535777 
-0.026 0.0379464 0.0536977 
-0.0255 0.0379333 0.0535777 
-0.023 0.0379071 0.0533376 
-0.0225 0.0378679 0.0529774 
-0.022 0.0379071 0.0533376 
-0.0215 0.0378548 0.0528574 
-0.0205 0.0378548 0.0528574 
-0.02 0.0378155 0.0524972 
-0.018 0.0377239 0.0516569 
-0.0175 0.0377108 0.0515368 
-0.0165 0.0376585 0.0510566 
-0.0155 0.0376323 0.0508165 
-0.0145 0.03758 0.0503363 
-0.014 0.0375145 0.0497361 
-0.0135 0.0375669 0.0502163 
-0.013 0.0375276 0.0498561 
-0.012 0.0374884 0.049496 
-0.011 0.0374229 0.0488957 
-0.0105 0.0374622 0.0492559 
-0.0085 0.0373837 0.0485356 
-0.008 0.0373837 0.0485356 
-0.0055 0.037276 0.0475411 
-0.0045 0.0372076 0.0469067 
-0.0025 0.0371529 0.0463992 
0.0005 0.0370709 0.045638 
0.001 0.0370435 0.0453842 
0.0015 0.0370709 0.045638 
-0.06625 0.036975 0.038151 
-0.06575 0.0370158 0.0385315 
-0.06525 0.0371518 0.0398002 
-0.06475 0.0372062 0.0403077 
-0.06425 0.0373013 0.0411957 
-0.06375 0.0374237 0.0423375 
-0.06325 0.0374781 0.0428449 
-0.06275 0.0375189 0.0432255 
-0.06225 0.0375597 0.0436061 
-0.06175 0.0376141 0.0441136 
-0.06125 0.0376549 0.0444942 
-0.06075 0.0377229 0.0451285 
-0.06025 0.0377772 0.0456359 
-0.05975 0.0378044 0.0458897 
-0.05925 0.0378316 0.0461434 
-0.05875 0.0378588 0.0463971 
-0.05825 0.0378996 0.0467777 
-0.05775 0.0378996 0.0467777 
-0.05725 0.0379132 0.0469046 
-0.05675 0.0379268 0.0470314 
-0.05625 0.0379268 0.0470314 
-0.05575 0.0379268 0.0470314 
-0.05525 0.0379404 0.0471583 
-0.05475 0.0379404 0.0471583 
-0.05425 0.0379268 0.0470314 
-0.05375 0.0379268 0.0470314 
-0.05325 0.0379132 0.0469046 
-0.05275 0.0379132 0.0469046 
-0.05225 0.0378996 0.0467777 
-0.05175 0.037886 0.0466508 
-0.05125 0.0378724 0.046524 
-0.05075 0.0378588 0.0463971 
-0.05025 0.0378452 0.0462703 
-0.04975 0.0378316 0.0461434 
-0.04925 0.0377772 0.0456359 
-0.04875 0.0377908 0.0457628 
-0.04825 0.0377637 0.0455091 
-0.04775 0.0377637 0.0455091 
-0.04725 0.0377365 0.0452553 
-0.04675 0.0377365 0.0452553 
-0.04625 0.0377229 0.0451285 
-0.04575 0.0376957 0.0448748 
-0.04525 0.0376821 0.0447479 
-0.04475 0.0376549 0.0444942 
-0.04425 0.0376413 0.0443673 
-0.04375 0.0376277 0.0442404 
-0.04325 0.0376141 0.0441136 
-0.04275 0.0375869 0.0438598 
-0.04225 0.0375597 0.0436061 
-0.04175 0.0375461 0.0434793 
-0.04125 0.0375189 0.0432255 
-0.04075 0.0374917 0.0429718 
-0.04025 0.0374645 0.0427181 
-0.03975 0.0374645 0.0427181 
-0.03925 0.0374781 0.0428449 
-0.03875 0.0375189 0.0432255 
-0.03825 0.0375869 0.0438598 
-0.03775 0.0376141 0.0441136 
-0.03725 0.0376821 0.0447479 
-0.03675 0.0377908 0.0457628 
-0.03625 0.037818 0.0460165 
-0.03575 0.0378452 0.0462703 
-0.03475 0.0380492 0.0481732 
-0.03425 0.0381665 0.0492537 
-0.03375 0.0382316 0.049854 
-0.03325 0.0382838 0.0503341 
-0.03275 0.0383229 0.0506943 
-0.03225 0.0383489 0.0509344 
-0.03175 0.038388 0.0512946 
-0.03125 0.0384141 0.0515347 
-0.03075 0.0384532 0.0518948 
-0.03025 0.0385053 0.052375 
-0.02975 0.0385574 0.0528553 
-0.02925 0.0386095 0.0533355 
-0.02875 0.0386356 0.0535756 
-0.02825 0.0386486 0.0536956 
-0.02775 0.0386617 0.0538157 
-0.02725 0.0386747 0.0539357 
-0.02675 0.0386877 0.0540558 
-0.02625 0.0386877 0.0540558 
-0.02575 0.0387008 0.0541758 
-0.02525 0.0386877 0.0540558 
-0.02475 0.0386877 0.0540558 
-0.02425 0.0386877 0.0540558 
-0.02375 0.0386877 0.0540558 
-0.02325 0.0386747 0.0539357 
-0.02275 0.0386747 0.0539357 
-0.02225 0.0386617 0.0538157 
-0.02175 0.0386617 0.0538157 
-0.02125 0.0386486 0.0536956 
-0.02075 0.0386226 0.0534555 
-0.02025 0.0386095 0.0533355 
-0.01975 0.0385965 0.0532154 
-0.01925 0.0385705 0.0529753 
-0.01875 0.0385574 0.0528553 
-0.01825 0.0385444 0.0527352 
-0.01775 0.0385183 0.0524951 
-0.01725 0.0384923 0.052255 
-0.01675 0.0384662 0.0520149 
-0.01625 0.0384401 0.0517748 
-0.01575 0.0384271 0.0516547 
-0.01525 0.0384141 0.0515347 
-0.01475 0.038388 0.0512946 
-0.01425 0.038375 0.0511745 
-0.01375 0.0383489 0.0509344 
-0.01325 0.0383359 0.0508144 
-0.01275 0.0383098 0.0505743 
-0.01225 0.0382968 0.0504542 
-0.01175 0.0382707 0.0502141 
-0.01125 0.0382447 0.049974 
-0.01075 0.0382316 0.049854 
-0.01025 0.0382316 0.049854 
-0.00975 0.0382056 0.0496138 
-0.00925 0.0381795 0.0493737 
-0.00875 0.0381665 0.0492537 
-0.00825 0.0381535 0.0491336 
-0.00775 0.0381404 0.0490136 
-0.00725 0.0381274 0.0488935 
-0.00675 0.0381013 0.0486534 
-0.00625 0.0380883 0.0485334 
-0.00575 0.0380753 0.0484133 
-0.00525 0.0380753 0.0484133 
-0.00475 0.0380356 0.0480464 
-0.00425 0.0380356 0.0480464 
-0.00375 0.0380084 0.0477926 
-0.00325 0.0379948 0.0476658 
-0.00275 0.0379812 0.0475389 
-0.00225 0.037954 0.0472851 
-0.00175 0.0379404 0.0471583 
-0.00125 0.0379268 0.0470314 
-0.00075 0.0379132 0.0469046 
-0.00025 0.0378996 0.0467777 
0.00025 0.037886 0.0466508 
0.00075 0.0378724 0.046524 
0.00125 0.0378588 0.0463971 
0.00175 0.0378452 0.0462703 
0.00225 0.0378316 0.0461434 
0.00275 0.0378316 0.0461434 
0.00325 0.037818 0.0460165 
0.00375 0.0378044 0.0458897 
0.00425 0.0377908 0.0457628 
0.00475 0.0377908 0.0457628 
0.00525 0.0377772 0.0456359 
0.00575 0.0377772 0.0456359 
0.00625 0.0377637 0.0455091 
0.00675 0.0377501 0.0453822 
0.00725 0.0377501 0.0453822 
0.00775 0.0377365 0.0452553 
0.00825 0.0377229 0.0451285 
0.00875 0.0377229 0.0451285 
0.00925 0.0377093 0.0450016 
0.00975 0.0376821 0.0447479 
0.01025 0.0376821 0.0447479 
0.01075 0.0376685 0.044621 
0.01125 0.0376549 0.0444942 
0.01175 0.0376549 0.0444942 
0.01225 0.0376413 0.0443673 
0.01275 0.0376277 0.0442404 
0.01325 0.0376277 0.0442404 
0.01375 0.0376141 0.0441136 
0.01425 0.0375869 0.0438598 
0.01475 0.0375869 0.0438598 
0.01525 0.0375733 0.043733 
0.01575 0.0375461 0.0434793 
0.01625 0.0375461 0.0434793 
0.01675 0.0374373 0.0424643 
0.01725 0.0374645 0.0427181 
-0.0675 0.0370778 0.0324409 
-0.067 0.0374157 0.0356123 
-0.0665 0.0374427 0.035866 
-0.066 0.0377266 0.03853 
-0.0655 0.0377942 0.0391643 
-0.065 0.0378618 0.0397986 
-0.0645 0.03797 0.0408134 
-0.064 0.0380781 0.0418282 
-0.0635 0.0381592 0.0425894 
-0.063 0.0381998 0.0429699 
-0.0625 0.0382403 0.0433505 
-0.062 0.0382944 0.0438579 
-0.0615 0.0383214 0.0441116 
-0.061 0.038389 0.0447459 
-0.0605 0.0384566 0.0453802 
-0.06 0.0384836 0.0456339 
-0.0595 0.0385242 0.0460145 
-0.059 0.0385647 0.046395 
-0.0585 0.0385918 0.0466487 
-0.058 0.0386188 0.0469025 
-0.0575 0.0386188 0.0469025 
-0.057 0.0386323 0.0470293 
-0.0565 0.0386459 0.0471562 
-0.056 0.0386459 0.0471562 
-0.0555 0.0386459 0.0471562 
-0.055 0.0386594 0.047283 
-0.0545 0.0386459 0.0471562 
-0.054 0.0386459 0.0471562 
-0.0535 0.0386323 0.0470293 
-0.053 0.0386323 0.0470293 
-0.0525 0.0386188 0.0469025 
-0.052 0.0386053 0.0467756 
-0.0515 0.0385783 0.0465219 
-0.051 0.0385647 0.046395 
-0.0505 0.0385512 0.0462682 
-0.05 0.0385242 0.0460145 
-0.0495 0.0384972 0.0457608 
-0.049 0.0384836 0.0456339 
-0.0485 0.0384701 0.045507 
-0.048 0.0384701 0.045507 
-0.0475 0.0384431 0.0452533 
-0.047 0.0384431 0.0452533 
-0.0465 0.0384296 0.0451265 
-0.046 0.0384025 0.0448728 
-0.0455 0.038389 0.0447459 
-0.045 0.0383755 0.0446191 
-0.0445 0.0383485 0.0443654 
-0.044 0.0383349 0.0442385 
-0.0435 0.0383214 0.0441116 
-0.043 0.0382944 0.0438579 
-0.0425 0.0382674 0.0436042 
-0.042 0.0382538 0.0434774 
-0.0415 0.0382403 0.0433505 
-0.041 0.0382133 0.0430968 
-0.0405 0.0381862 0.0428431 
-0.04 0.0381727 0.0427162 
-0.0395 0.0381727 0.0427162 
-0.039 0.0381998 0.0429699 
-0.0385 0.0382674 0.0436042 
-0.038 0.0383214 0.0441116 
-0.0375 0.0383755 0.0446191 
-0.037 0.0384701 0.045507 
-0.0365 0.0385242 0.0460145 
-0.036 0.0385647 0.046395 
-0.0355 0.0386323 0.0470293 
-0.035 0.038754 0.048171 
-0.0345 0.0388578 0.0491314 
-0.034 0.0389357 0.0498518 
-0.0335 0.0389746 0.0502119 
-0.033 0.0390265 0.0506922 
-0.0325 0.0390654 0.0510523 
-0.032 0.0390914 0.0512924 
-0.0315 0.0391043 0.0514125 
-0.031 0.0391433 0.0517726 
-0.0305 0.0391952 0.0522529 
-0.03 0.0392471 0.0527331 
-0.0295 0.039286 0.0530932 
-0.029 0.0393249 0.0534534 
-0.0285 0.0393509 0.0536935 
-0.028 0.0393639 0.0538136 
-0.0275 0.0393768 0.0539336 
-0.027 0.0393898 0.0540537 
-0.0265 0.0393898 0.0540537 
-0.026 0.0393898 0.0540537 
-0.0255 0.0394028 0.0541737 
-0.025 0.0394028 0.0541737 
-0.0245 0.0394028 0.0541737 
-0.024 0.0393898 0.0540537 
-0.0235 0.0394028 0.0541737 
-0.023 0.0393898 0.0540537 
-0.0225 0.0393768 0.0539336 
-0.022 0.0393768 0.0539336 
-0.0215 0.0393639 0.0538136 
-0.021 0.0393509 0.0536935 
-0.0205 0.0393379 0.0535735 
-0.02 0.039312 0.0533333 
-0.0195 0.039286 0.0530932 
-0.019 0.039286 0.0530932 
-0.0185 0.0392601 0.0528531 
-0.018 0.0392341 0.052613 
-0.0175 0.0392082 0.0523729 
-0.017 0.0391952 0.0522529 
-0.0165 0.0391692 0.0520127 
-0.016 0.0391433 0.0517726 
-0.0155 0.0391303 0.0516526 
-0.015 0.0391173 0.0515325 
-0.0145 0.0390914 0.0512924 
-0.014 0.0390784 0.0511724 
-0.0135 0.0390654 0.0510523 
-0.013 0.0390265 0.0506922 
-0.0125 0.0390135 0.0505721 
-0.012 0.0390005 0.050452 
-0.0115 0.0389746 0.0502119 
-0.011 0.0389616 0.0500919 
-0.0105 0.0389357 0.0498518 
-0.01 0.0389227 0.0497317 
-0.0095 0.0389097 0.0496117 
-0.009 0.0388967 0.0494916 
-0.0085 0.0388838 0.0493715 
-0.008 0.0388578 0.0491314 
-0.0075 0.0388448 0.0490114 
-0.007 0.0388319 0.0488913 
-0.0065 0.0388059 0.0486512 
-0.006 0.0388059 0.0486512 
-0.0055 0.0387929 0.0485312 
-0.005 0.038767 0.048291 
-0.0045 0.038754 0.048171 
-0.004 0.0387405 0.0480442 
-0.0035 0.0387134 0.0477904 
-0.003 0.0387134 0.0477904 
-0.0025 0.0386864 0.0475367 
-0.002 0.0386729 0.0474099 
-0.0015 0.0386459 0.0471562 
-0.001 0.0386323 0.0470293 
-0.0005 0.0386188 0.0469025 
0 0.0386053 0.0467756 
0.0005 0.0385918 0.0466487 
0.001 0.0385918 0.0466487 
0.0015 0.0385783 0.0465219 
0.002 0.0385512 0.0462682 
0.0025 0.0385512 0.0462682 
0.003 0.0385377 0.0461413 
0.0035 0.0385242 0.0460145 
0.004 0.0385107 0.0458876 
0.0045 0.0385107 0.0458876 
0.005 0.0385107 0.0458876 
0.0055 0.0384972 0.0457608 
0.006 0.0384836 0.0456339 
0.0065 0.0384836 0.0456339 
0.007 0.0384836 0.0456339 
0.0075 0.0384701 0.045507 
0.008 0.0384566 0.0453802 
0.0085 0.0384431 0.0452533 
0.009 0.0384296 0.0451265 
0.0095 0.0384296 0.0451265 
0.01 0.0384161 0.0449996 
0.0105 0.0384025 0.0448728 
0.011 0.038389 0.0447459 
0.0115 0.038389 0.0447459 
0.012 0.038389 0.0447459 
0.0125 0.0383755 0.0446191 
0.013 0.038362 0.0444922 
0.0135 0.038362 0.0444922 
0.014 0.0383485 0.0443654 
0.0145 0.0383349 0.0442385 
0.015 0.0383349 0.0442385 
0.0155 0.0383079 0.0439848 
0.016 0.0382944 0.0438579 
0.0165 0.0382944 0.0438579 
0.017 0.0382403 0.0433505 
0.0175 0.0382403 0.0433505 
0.018 0.0381998 0.0429699 
0.0185 0.0381457 0.0424625 
0.019 0.0381187 0.0422088 
0.0195 0.0380781 0.0418282 
0.02 0.0380375 0.0414477 
0.0205 0.037997 0.0410671 
0.021 0.0379024 0.0401791 
0.0215 0.0377401 0.0386569 
0.022 0.0376726 0.